>groupList:
A C D E F G H I K L
N P Q R S T V Y Z 
>stdDevSynthesisRate:
2.51527 
>numParam:
40
>numMixtures:
1
>std_stdDevSynthesisRate:
0.0322308
>std_phi:
***
7.2244 0.7488 1.14163 1.89383 6.40932 8.01165 0.898559 4.81626 3.34463 0.933424
1.51925 4.93593 0.703354 0.991001 0.468903 0.933424 1.94089 4.92236 4.81626 0.244692
1.2154 4.43867 0.74674 0.610551 1.57819 7.08819 0.730645 4.81626 7.83897 1.1892
5.22598 0.810264 0.507393 1.4865 0.841703 5.3411 1.52344 6.02033 0.562683 0.660667
1.23875 0.951361 0.794988 0.318609 1.68016 1.03229 1.26255 0.216487 0.688195 2.89534
0.777854 1.05503 6.53248 0.933424 0.777854 1.01004 0.319488 0.915826 0.688195 0.634241
0.497826 0.860244 1.68016 5.3264 1.21205 5.01694 0.763188 1.05503 2.2726 3.27254
0.235552 3.01598 0.345713 1.36996 1.74536 1.16678 3.4744 0.458797 0.876774 1.07827
0.234904 6.27118 1.42704 0.972317 0.477913 0.367037 0.597392 2.18169 1.11703 1.01283
5.01694 1.21205 1.03229 5.00314 1.19248 4.52396 0.913307 1.01283 6.40932 4.42646
0.338262 2.31627 4.18079 0.718848 0.828112 2.41278 6.27118 0.972317 1.82309 0.896087
5.01694 0.407034 1.37374 0.448908 1.14163 2.22975 5.3411 1.67554 5.65495 0.969642
1.12011 0.732661 0.732661 3.07393 0.597392 0.744685 0.622283 1.34413 1.45848 5.01694
0.732661 0.718848 0.250082 4.72546 2.95097 2.13467 1.36996 0.951361 1.1232 0.440445
0.497826 0.74674 0.448908 5.53307 0.562683 1.2154 2.56161 0.389677 1.23875 0.701419
0.953985 2.61803 5.00314 0.794988 5.67055 0.540176 0.345713 0.26624 5.79546 1.21205
1.01283 2.1002 0.288094 0.389677 6.67637 0.688195 0.440445 0.184889 1.42704 5.77952
1.88862 1.01283 1.71245 0.879193 4.92236 4.90881 1.54844 0.221256 7.50471 1.05213
1.51925 1.29037 0.562683 0.896087 4.71246 0.915826 1.05794 0.20391 4.53644 1.92491
1.75017 0.230475 0.460062 1.81808 0.390752 2.77952 1.31516 4.71246 1.03229 1.85813
0.841703 0.552075 2.45914 0.688195 1.03229 0.841703 0.701419 1.09899 0.993735 0.382331
0.953985 5.77952 3.55094 5.54834 1.39628 0.673363 2.05494 0.561136 4.81626 1.09899
0.432141 0.634241 1.93555 0.930857 1.74536 0.18438 7.83897 2.56867 2.6757 0.595748
1.51507 5.54834 1.4865 0.951361 6.13602 4.53644 9.0305 1.57819 0.779999 0.597392
0.36805 3.21084 2.46593 1.14478 2.95097 1.58255 0.896087 1.42704 7.08819 0.794988
5.89058 0.550556 0.37409 3.33543 0.688195 2.51331 7.98961 0.440445 1.12011 1.31879
1.4865 0.562683 3.93788 1.26604 0.688195 3.78037 0.331884 6.53248 1.4865 1.03229
1.4865 1.07827 1.45848 1.51507 1.21205 0.810264 5.2116 1.34413 0.896087 0.507393
1.19248 1.81808 0.991001 0.763188 0.457535 1.89383 0.761089 1.45446 1.75017 1.23875
1.26255 0.562683 0.488441 1.05213 2.46593 3.68872 0.497826 0.648211 0.288094 1.12011
0.608871 0.29363 1.51925 0.382331 6.25393 0.360117 1.4906 0.792801 0.610551 0.808035
1.89906 2.95911 1.16678 1.26255 0.825834 2.18169 1.43098 1.61296 4.00251 0.487097
0.622283 0.810264 2.1002 2.14056 0.250082 0.211822 1.23875 0.688195 3.84241 1.42704
0.467613 0.352356 2.46593 0.825834 5.3264 5.67055 0.586129 5.77952 1.16678 4.10196
5.54834 1.97818 1.39628 0.7488 3.48399 2.51331 5.44373 2.41944 0.860244 0.972317
0.828112 2.61803 0.703354 0.608871 0.622283 1.05503 1.71245 0.860244 1.09597 4.09068
1.01004 0.761089 0.254887 1.01283 1.45848 0.345713 1.75017 0.458797 0.622283 4.90881
0.312602 0.192063 4.92236 2.18169 4.16928 0.440445 0.529992 0.622283 1.09899 4.62361
1.09899 2.05494 1.51925 0.540176 0.896087 1.54844 1.67554 5.65495 0.71687 7.98961
1.14163 0.761089 0.448908 1.1892 1.7838 0.221256 4.53644 0.240078 0.972317 2.09443
1.45848 0.634241 0.416 0.4992 2.0162 0.915826 0.701419 6.27118 4.71246 1.21875
5.22598 2.0162 1.42704 0.288094 0.993735 0.608871 1.05503 0.953985 6.53248 2.0162
1.89383 1.42704 0.584516 4.71246 0.844025 0.63599 0.876774 8.1656 4.52396 0.477913
0.254887 1.64395 2.22362 1.89383 4.52396 1.89383 0.810264 1.2154 5.65495 1.09899
2.90332 1.31516 1.45446 0.67522 1.57819 0.529992 0.732661 0.71687 1.14478 0.862617
0.552075 0.272104 0.458797 0.622283 2.01065 0.497826 3.21084 0.318609 5.01694 3.27254
0.518569 0.860244 6.80466 1.4865 0.972317 1.2154 6.02033 1.29037 3.78037 4.52396
1.16678 5.22598 1.23875 0.27657 3.0243 4.53644 1.36996 1.01004 2.05494 4.35498
2.56867 0.876774 0.507393 0.810264 0.584516 0.26624 0.933424 1.2154 1.42704 1.82309
6.95455 0.933424 1.54844 1.36996 1.26953 0.933424 0.458797 0.331884 0.74674 0.915826
5.67055 1.14163 0.271356 0.810264 1.68016 0.390752 0.844025 1.09899 0.634241 0.405914
1.03514 0.792801 4.71246 0.860244 1.07827 0.299272 1.24217 0.467613 2.61803 1.03514
1.89383 2.77952 0.440445 0.896087 0.951361 1.14163 0.271356 1.71717 3.76997 0.913307
4.72546 1.43098 4.01355 1.09899 0.270609 1.64395 1.36996 2.62526 0.935999 4.43867
1.37374 1.51925 0.29363 0.810264 0.231111 0.879193 1.2154 0.408157 0.634241 1.68016
2.89534 0.730645 5.12745 3.69889 1.03514 1.05503 0.974999 0.810264 0.382331 3.76997
0.777854 0.586129 2.89534 0.730645 1.01283 1.68016 6.67637 7.38353 1.67554 0.969642
1.54844 0.913307 0.701419 1.05503 1.01283 0.898559 3.33543 7.20452 0.991001 1.23875
7.2244 3.76997 4.07942 0.477913 0.562683 1.07827 1.71245 0.468903 1.09899 0.690094
0.325627 1.01283 0.507393 1.36996 1.61296 0.487097 1.01562 1.37374 0.951361 0.690094
4.81626 7.81741 0.71687 5.22598 1.12011 4.26112 0.477913 4.53644 0.792801 3.76997
0.597392 1.21205 4.82955 0.703354 1.09597 0.951361 2.5064 0.622283 3.61917 3.78037
5.42876 0.876774 1.74536 1.36996 0.730645 5.3264 0.479232 7.83897 0.688195 1.54844
1.05503 0.448908 1.4865 0.382331 4.92236 5.56364 0.324731 7.08819 0.414855 2.95911
0.648211 2.56161 2.22362 1.75017 0.677083 1.37374 1.01283 0.324731 4.90881 1.64395
5.22598 3.4089 1.4865 5.44373 0.808035 0.930857 2.84075 1.0753 0.398261 0.690094
5.67055 0.331884 1.28682 1.67554 0.701419 0.860244 0.896087 0.507393 4.72546 6.78594
0.254887 0.763188 0.810264 0.508792 1.54844 6.95455 0.862617 1.51925 0.200065 5.00314
0.338262 0.622283 1.16678 0.879193 1.14163 0.468903 5.44373 0.825834 1.16357 1.36996
1.36996 1.64849 0.305865 4.10196 0.896087 0.792801 0.597392 6.13602 2.66834 0.595748
1.93555 3.76997 1.57819 2.22362 1.70774 0.325627 2.05494 0.953985 1.85813 1.34784
1.42704 0.367037 0.390752 0.779999 0.597392 7.67002 1.7838 0.59904 1.16357 1.2154
1.42704 3.93788 1.14163 0.414855 4.92236 0.620571 1.19248 1.51925 0.67522 5.77952
1.70774 2.66834 0.913307 1.31516 1.4865 0.487097 1.14163 0.360117 6.658 1.23875
1.61296 0.933424 4.26112 0.66249 0.622283 0.275809 0.497826 6.80466 1.97818 0.318609
1.14163 2.78719 1.7838 0.66249 2.36729 2.13467 1.0753 6.51451 0.844025 1.09899
0.703354 4.26112 4.81626 0.876774 0.660667 1.23534 2.0162 6.02033 2.77952 0.433333
1.0753 0.67522 0.730645 0.597392 1.34784 1.07827 1.40014 0.673363 0.188442 0.860244
0.646428 1.26604 0.993735 1.40014 0.825834 0.972317 1.4865 1.54844 0.74674 1.05503
1.7838 1.29037 9.0305 1.68016 4.61089 0.507393 0.53869 0.414855 3.4089 0.7488
5.54834 0.893622 0.933424 5.11335 0.244692 0.690094 0.382331 0.254887 1.42704 3.92705
0.622283 1.19248 1.4865 4.52396 0.703354 6.27118 1.05213 0.398261 2.6757 2.61803
1.68016 0.792801 1.7838 0.440445 0.487097 0.972317 1.54844 1.05503 0.825834 0.398261
0.808035 5.90683 0.732661 2.77952 7.52541 0.777854 5.3264 1.31516 0.345713 1.97274
1.14163 1.05503 3.01598 2.22975 1.12011 0.312602 0.777854 0.508792 0.991001 0.808035
3.92705 0.862617 0.879193 5.79546 0.794988 2.62526 1.57819 3.61917 0.74674 1.03514
0.730645 2.72712 6.02033 0.792801 0.794988 0.529992 7.38353 0.792801 3.92705 2.04929
4.72546 5.44373 0.718848 1.14163 1.31879 0.529992 3.01598 0.777854 4.26112 0.844025
1.09899 0.390752 1.16678 0.422827 0.528534 0.933424 5.44373 1.51925 0.382331 4.09068
0.991001 0.777854 1.37374 0.448908 1.64395 1.29037 1.42704 3.69889 3.4744 6.25393
0.933424 0.915826 0.660667 6.658 0.573496 0.660667 1.7838 0.991001 5.3264 0.200065
4.90881 0.777854 0.896087 0.66249 4.43867 1.11703 0.550556 0.634241 6.93542 3.34463
6.93542 3.55094 0.271356 0.225508 0.487097 7.83897 2.45914 1.26255 0.933424 6.39168
5.77952 1.2154 1.23534 7.83897 0.71687 2.32266 1.97274 4.71246 0.360117 3.14164
0.281885 1.31879 1.43098 1.51507 1.09597 0.673363 0.407034 0.828112 3.0243 0.972317
1.03229 0.844025 0.71687 0.688195 1.29037 2.18169 0.540176 0.622283 0.896087 0.196293
2.13467 7.36322 0.763188 1.42704 1.21205 5.3411 1.1892 0.896087 0.879193 1.12011
4.07942 6.39168 0.319488 2.89534 0.360117 1.05503 0.930857 1.74536 1.03229 1.45446
1.05503 0.450147 1.45848 2.72712 1.4625 0.250771 1.34413 0.933424 0.331884 0.528534
0.312602 2.32266 0.53869 3.78037 0.660667 0.422827 0.470196 1.64849 1.39628 0.844025
1.97274 2.32266 1.01004 0.497826 1.64395 1.51925 0.808035 0.18438 0.913307 1.01004
7.08819 1.42704 0.972317 1.71245 1.68016 1.36996 1.1232 1.42704 1.42704 1.16678
0.540176 1.0753 0.260502 0.608871 0.608871 0.352356 1.23875 0.282662 0.688195 0.528534
0.673363 0.808035 1.09899 0.730645 0.345713 0.860244 1.93022 2.41278 5.12745 0.933424
5.44373 0.896087 1.64395 0.359127 3.4744 7.67002 2.01065 1.29393 4.90881 0.993735
1.09899 0.951361 1.36996 5.11335 0.933424 0.389677 0.825834 2.77952 0.862617 0.972317
6.15294 0.177005 5.76362 5.03078 5.3411 5.3264 7.52541 1.23875 2.36729 0.825834
1.93555 2.61803 1.54844 2.14056 4.92236 1.71245 2.89534 0.879193 0.763188 1.03229
0.732661 0.913307 0.610551 4.43867 1.70304 6.51451 6.39168 1.31879 1.09899 0.825834
1.97274 10.207 0.828112 1.54418 0.660667 0.792801 0.507393 6.02033 0.260502 1.0753
4.43867 1.89383 0.67522 1.89906 1.23875 1.09597 1.57819 0.896087 6.658 0.933424
0.775714 4.62361 0.192063 2.06061 5.3411 0.375122 0.876774 3.76997 0.860244 0.552075
1.2154 1.7838 2.78719 0.915826 0.37409 0.688195 0.468903 2.01065 1.74536 1.51507
3.33543 4.35498 0.468903 0.4992 5.22598 0.951361 1.85302 0.13594 1.34043 0.896087
1.93555 2.31627 1.01283 2.52025 0.508792 0.479232 0.550556 2.05494 8.48243 1.81808
0.792801 1.03229 1.23875 0.405914 6.658 6.27118 0.763188 1.61296 0.586129 0.763188
1.16357 2.6757 5.22598 1.05213 1.85813 1.16678 1.71245 1.6848 5.2116 0.71687
6.80466 4.01355 0.969642 2.52025 3.33543 7.52541 4.45091 0.71687 0.876774 1.07827
0.913307 0.398261 0.991001 2.36729 6.658 0.414855 0.761089 0.432141 1.09899 4.02463
1.03514 0.825834 1.75017 0.586129 1.77889 0.288094 0.991001 1.2154 0.359127 0.407034
1.0753 0.913307 1.7838 0.312602 0.562683 0.660667 0.29363 6.78594 0.562683 0.972317
2.01065 0.951361 0.690094 0.550556 0.271356 3.14164 0.367037 2.0162 1.17 0.528534
1.81808 2.14056 0.660667 3.00768 0.896087 7.06869 0.254887 2.89534 0.648211 8.1656
1.14163 1.1892 6.95455 1.74536 0.761089 1.09597 1.97274 2.62526 2.61803 0.930857
3.92705 5.44373 0.312602 1.70774 0.763188 2.51331 0.777854 1.1892 0.63599 7.24433
0.648211 0.389677 1.26604 4.52396 0.610551 4.72546 5.56364 0.234904 1.34413 0.634241
1.45446 0.810264 1.01283 2.46593 1.16678 0.915826 1.16678 5.54834 0.74674 4.62361
1.60852 0.777854 1.09597 0.382331 3.01598 4.53644 6.53248 1.19248 1.26255 1.54844
1.12011 1.68016 0.518569 0.991001 3.85301 2.56867 0.896087 0.825834 1.54844 1.57819
2.1002 0.993735 1.12011 4.62361 0.561136 2.95911 2.2726 1.61296 0.825834 1.23875
1.05213 4.90881 1.75017 1.0753 5.77952 0.497826 2.95097 1.03229 0.896087 0.660667
1.01283 0.972317 1.7838 0.810264 1.14163 3.34463 0.860244 1.05213 0.792801 0.71687
5.42876 5.01694 0.405914 1.54844 0.398261 1.26604 2.6757 1.70774 2.41944 0.451389
5.22598 0.808035 6.51451 8.32251 0.225508 0.794988 1.21205 1.31516 2.32266 0.879193
1.43098 1.2154 0.74674 1.75017 1.54844 1.42704 0.648211 0.389677 1.26604 3.55094
0.367037 1.1892 0.305865 1.2154 0.382331 1.16678 1.57819 1.61741 2.90332 1.12011
0.777854 0.810264 1.61296 6.02033 1.12011 4.27288 1.42704 1.39628 1.54844 1.45848
4.62361 2.95911 1.01283 0.844025 0.74674 1.29037 0.841703 1.31879 1.89383 1.61296
0.353328 1.0753 1.26255 5.67055 0.660667 0.876774 1.23875 0.991001 0.953985 0.586129
4.00251 7.38353 1.54844 1.81808 4.09068 6.80466 0.913307 0.879193 5.89058 1.1892
5.77952 3.92705 1.16678 3.61917 1.64395 5.77952 0.74674 0.777854 1.67554 1.05213
0.338262 3.01598 4.43867 6.80466 0.25559 7.69118 0.66249 1.75017 6.02033 3.15031
0.382331 0.306708 5.42876 7.2244 0.71687 0.660667 0.761089 3.39952 6.53248 0.879193
1.03514 1.01283 4.16928 0.761089 0.844025 1.01283 0.690094 0.432141 0.71687 0.896087
0.353328 0.586129 3.14164 1.03229 0.634241 0.597392 0.775714 1.16678 4.18079 1.54844
0.688195 1.54844 0.27657 0.862617 1.34043 0.622283 10.0146 4.92236 0.844025 1.23875
0.71687 1.05503 0.389677 0.810264 3.55094 0.991001 0.398261 5.11335 5.90683 1.01004
0.518569 1.2154 0.862617 1.29037 0.775714 1.34413 0.761089 0.810264 1.26604 4.35498
5.22598 0.933424 1.45848 0.440445 3.4744 0.951361 0.777854 1.03229 0.423994 0.951361
6.02033 1.16678 1.97818 0.732661 3.20201 0.311742 3.08241 4.26112 5.54834 0.540176
4.90881 1.75017 0.844025 1.01283 0.896087 6.53248 0.808035 2.51331 5.44373 1.16357
1.39628 0.432141 0.732661 4.62361 0.288094 0.969642 0.27657 0.913307 1.57819 0.953985
5.77952 0.260502 6.28848 0.432141 0.458797 3.54117 5.3264 1.14478 1.45848 1.54418
0.732661 1.51925 1.0753 1.16678 5.89058 0.972317 1.09899 0.540176 1.01004 1.31516
3.28157 1.54844 6.15294 0.29363 0.761089 5.22598 2.01065 0.540176 1.4906 1.36996
1.2154 1.01283 0.761089 1.4865 1.14163 6.13602 0.972317 1.4865 1.58255 0.953985
1.2154 7.24433 4.09068 1.16357 2.84075 1.29037 2.13467 1.05213 1.03229 1.40014
1.71245 0.458797 0.879193 6.78594 0.993735 1.14478 1.21205 0.763188 3.01598 0.810264
3.4744 0.36805 1.29037 0.306708 0.991001 6.27118 2.89534 4.42646 1.4865 1.31516
6.02033 1.45848 5.67055 0.648211 1.29037 1.51925 0.325627 0.969642 0.458797 5.3264
0.74674 0.718848 5.90683 0.432141 0.951361 1.21875 0.27657 5.65495 4.18079 2.89534
7.24433 6.80466 7.38353 2.77952 0.71687 1.12011 1.85813 2.36078 6.13602 0.382331
3.14164 0.311742 2.95097 2.31627 6.02033 0.467613 0.36805 3.85301 0.972317 1.31516
0.477913 1.16678 1.12011 0.991001 1.07827 0.597392 0.812499 0.969642 4.09068 0.688195
3.63917 0.573496 1.07235 0.270609 0.359127 7.83897 6.39168 0.497826 1.82309 0.879193
2.61803 2.61803 7.06869 0.881618 0.529992 1.81808 1.71245 0.744685 8.32251 1.97274
1.16678 1.64395 2.08867 2.45914 6.27118 3.4744 0.972317 0.794988 0.353328 1.23875
3.07393 0.703354 0.993735 4.09068 1.54844 0.282662 1.12011 2.77188 4.52396 2.89534
0.586129 4.62361 0.584516 2.61803 0.646428 0.528534 0.37409 3.61917 1.42704 1.12011
2.36729 0.933424 0.407034 0.608871 2.41278 0.451389 2.26635 0.634241 0.860244 1.404
0.660667 0.860244 0.951361 6.27118 0.254887 0.63599 0.841703 0.44166 0.610551 0.860244
0.414855 0.517143 0.972317 0.972317 1.12011 1.1892 0.991001 0.339195 0.7488 1.71717
2.66834 2.04929 0.714898 0.991001 2.22975 0.63599 1.1892 1.16678 1.74536 0.450147
1.54418 6.39168 0.212406 1.09597 0.382331 0.608871 0.71687 6.02033 0.586129 0.282662
0.338262 2.89534 0.422827 0.67522 0.622283 1.26255 0.951361 0.876774 0.991001 0.497826
0.660667 0.338262 2.22975 1.26604 1.29037 2.84075 0.398261 4.16928 1.85302 0.407034
0.59904 1.12011 1.09597 1.61296 0.730645 0.673363 0.448908 1.23534 4.92236 0.646428
6.27118 0.74674 0.761089 1.12011 1.23875 1.16357 5.54834 0.423994 0.353328 1.39628
0.518569 0.467613 6.658 0.825834 1.05213 1.05503 5.77952 1.03229 1.0753 0.634241
0.460062 5.90683 4.343 0.331884 4.52396 0.913307 4.26112 0.74674 5.67055 1.57819
0.27657 4.45091 2.51331 4.00251 3.84241 5.89058 1.4865 1.01283 0.359127 0.930857
6.02033 0.188442 0.972317 5.89058 0.732661 4.62361 0.180406 7.36322 1.12011 0.825834
1.01283 1.14163 1.09899 1.1892 0.212406 0.608871 0.646428 1.64395 0.508792 0.841703
0.230475 3.21084 1.26604 0.951361 0.718848 1.36996 7.98961 5.77952 3.92705 11.9844
4.16928 1.34413 1.71245 1.68016 5.3264 5.11335 6.658 0.915826 1.45848 1.26604
1.85813 0.879193 0.575078 0.71687 7.50471 0.993735 0.375122 1.0753 0.933424 0.71687
0.825834 1.37374 4.43867 1.19248 1.40014 0.270609 1.12011 2.18169 0.860244 0.389677
3.69889 0.561136 0.779999 0.794988 5.44373 2.72712 1.0753 5.89058 0.825834 0.300098
0.915826 0.458797 5.12745 1.14163 0.777854 0.540176 0.879193 2.13467 6.27118 0.597392
4.71246 2.61803 0.841703 1.16678 1.16678 5.90683 1.4865 0.913307 1.01283 1.31879
0.300098 0.265507 0.375122 2.72712 1.26604 1.89383 0.163578 1.23875 0.761089 0.991001
1.51925 1.54844 2.32266 1.34043 0.991001 2.31627 2.72712 1.6848 0.66249 0.432141
1.16678 0.414855 0.281885 0.240078 1.29037 0.487097 0.828112 0.67522 6.02033 3.27254
0.730645 1.2154 0.53869 0.896087 4.26112 0.440445 0.477913 7.36322 0.414855 2.05494
1.16357 0.876774 6.27118 0.487097 2.41278 1.12011 6.39168 0.282662 0.345713 0.254887
0.497826 0.825834 0.67522 4.18079 0.318609 1.07235 7.67002 1.01283 0.4992 4.01355
1.05503 0.841703 3.07393 4.27288 0.953985 1.34043 6.02033 0.487097 0.27657 7.83897
0.281885 0.608871 2.09443 0.792801 2.01065 0.763188 6.80466 1.39628 0.860244 0.648211
1.1892 1.64395 0.730645 1.82309 0.71687 1.43098 3.69889 1.31879 5.22598 2.18169
0.688195 1.74536 6.40932 5.12745 1.09899 1.89383 0.646428 0.67522 5.01694 0.488441
>categories:
0 0
>mixtureAssignment:
0 0 0 0 0 0 0 0 0 0 0 0 0 0 0 0 0 0 0 0 0 0 0 0 0 0 0 0 0 0 0 0 0 0 0 0 0 0 0 0 0 0 0 0 0 0 0 0 0 0
0 0 0 0 0 0 0 0 0 0 0 0 0 0 0 0 0 0 0 0 0 0 0 0 0 0 0 0 0 0 0 0 0 0 0 0 0 0 0 0 0 0 0 0 0 0 0 0 0 0
0 0 0 0 0 0 0 0 0 0 0 0 0 0 0 0 0 0 0 0 0 0 0 0 0 0 0 0 0 0 0 0 0 0 0 0 0 0 0 0 0 0 0 0 0 0 0 0 0 0
0 0 0 0 0 0 0 0 0 0 0 0 0 0 0 0 0 0 0 0 0 0 0 0 0 0 0 0 0 0 0 0 0 0 0 0 0 0 0 0 0 0 0 0 0 0 0 0 0 0
0 0 0 0 0 0 0 0 0 0 0 0 0 0 0 0 0 0 0 0 0 0 0 0 0 0 0 0 0 0 0 0 0 0 0 0 0 0 0 0 0 0 0 0 0 0 0 0 0 0
0 0 0 0 0 0 0 0 0 0 0 0 0 0 0 0 0 0 0 0 0 0 0 0 0 0 0 0 0 0 0 0 0 0 0 0 0 0 0 0 0 0 0 0 0 0 0 0 0 0
0 0 0 0 0 0 0 0 0 0 0 0 0 0 0 0 0 0 0 0 0 0 0 0 0 0 0 0 0 0 0 0 0 0 0 0 0 0 0 0 0 0 0 0 0 0 0 0 0 0
0 0 0 0 0 0 0 0 0 0 0 0 0 0 0 0 0 0 0 0 0 0 0 0 0 0 0 0 0 0 0 0 0 0 0 0 0 0 0 0 0 0 0 0 0 0 0 0 0 0
0 0 0 0 0 0 0 0 0 0 0 0 0 0 0 0 0 0 0 0 0 0 0 0 0 0 0 0 0 0 0 0 0 0 0 0 0 0 0 0 0 0 0 0 0 0 0 0 0 0
0 0 0 0 0 0 0 0 0 0 0 0 0 0 0 0 0 0 0 0 0 0 0 0 0 0 0 0 0 0 0 0 0 0 0 0 0 0 0 0 0 0 0 0 0 0 0 0 0 0
0 0 0 0 0 0 0 0 0 0 0 0 0 0 0 0 0 0 0 0 0 0 0 0 0 0 0 0 0 0 0 0 0 0 0 0 0 0 0 0 0 0 0 0 0 0 0 0 0 0
0 0 0 0 0 0 0 0 0 0 0 0 0 0 0 0 0 0 0 0 0 0 0 0 0 0 0 0 0 0 0 0 0 0 0 0 0 0 0 0 0 0 0 0 0 0 0 0 0 0
0 0 0 0 0 0 0 0 0 0 0 0 0 0 0 0 0 0 0 0 0 0 0 0 0 0 0 0 0 0 0 0 0 0 0 0 0 0 0 0 0 0 0 0 0 0 0 0 0 0
0 0 0 0 0 0 0 0 0 0 0 0 0 0 0 0 0 0 0 0 0 0 0 0 0 0 0 0 0 0 0 0 0 0 0 0 0 0 0 0 0 0 0 0 0 0 0 0 0 0
0 0 0 0 0 0 0 0 0 0 0 0 0 0 0 0 0 0 0 0 0 0 0 0 0 0 0 0 0 0 0 0 0 0 0 0 0 0 0 0 0 0 0 0 0 0 0 0 0 0
0 0 0 0 0 0 0 0 0 0 0 0 0 0 0 0 0 0 0 0 0 0 0 0 0 0 0 0 0 0 0 0 0 0 0 0 0 0 0 0 0 0 0 0 0 0 0 0 0 0
0 0 0 0 0 0 0 0 0 0 0 0 0 0 0 0 0 0 0 0 0 0 0 0 0 0 0 0 0 0 0 0 0 0 0 0 0 0 0 0 0 0 0 0 0 0 0 0 0 0
0 0 0 0 0 0 0 0 0 0 0 0 0 0 0 0 0 0 0 0 0 0 0 0 0 0 0 0 0 0 0 0 0 0 0 0 0 0 0 0 0 0 0 0 0 0 0 0 0 0
0 0 0 0 0 0 0 0 0 0 0 0 0 0 0 0 0 0 0 0 0 0 0 0 0 0 0 0 0 0 0 0 0 0 0 0 0 0 0 0 0 0 0 0 0 0 0 0 0 0
0 0 0 0 0 0 0 0 0 0 0 0 0 0 0 0 0 0 0 0 0 0 0 0 0 0 0 0 0 0 0 0 0 0 0 0 0 0 0 0 0 0 0 0 0 0 0 0 0 0
0 0 0 0 0 0 0 0 0 0 0 0 0 0 0 0 0 0 0 0 0 0 0 0 0 0 0 0 0 0 0 0 0 0 0 0 0 0 0 0 0 0 0 0 0 0 0 0 0 0
0 0 0 0 0 0 0 0 0 0 0 0 0 0 0 0 0 0 0 0 0 0 0 0 0 0 0 0 0 0 0 0 0 0 0 0 0 0 0 0 0 0 0 0 0 0 0 0 0 0
0 0 0 0 0 0 0 0 0 0 0 0 0 0 0 0 0 0 0 0 0 0 0 0 0 0 0 0 0 0 0 0 0 0 0 0 0 0 0 0 0 0 0 0 0 0 0 0 0 0
0 0 0 0 0 0 0 0 0 0 0 0 0 0 0 0 0 0 0 0 0 0 0 0 0 0 0 0 0 0 0 0 0 0 0 0 0 0 0 0 0 0 0 0 0 0 0 0 0 0
0 0 0 0 0 0 0 0 0 0 0 0 0 0 0 0 0 0 0 0 0 0 0 0 0 0 0 0 0 0 0 0 0 0 0 0 0 0 0 0 0 0 0 0 0 0 0 0 0 0
0 0 0 0 0 0 0 0 0 0 0 0 0 0 0 0 0 0 0 0 0 0 0 0 0 0 0 0 0 0 0 0 0 0 0 0 0 0 0 0 0 0 0 0 0 0 0 0 0 0
0 0 0 0 0 0 0 0 0 0 0 0 0 0 0 0 0 0 0 0 0 0 0 0 0 0 0 0 0 0 0 0 0 0 0 0 0 0 0 0 0 0 0 0 0 0 0 0 0 0
0 0 0 0 0 0 0 0 0 0 0 0 0 0 0 0 0 0 0 0 0 0 0 0 0 0 0 0 0 0 0 0 0 0 0 0 0 0 0 0 0 0 0 0 0 0 0 0 0 0
0 0 0 0 0 0 0 0 0 0 0 0 0 0 0 0 0 0 0 0 0 0 0 0 0 0 0 0 0 0 0 0 0 0 0 0 0 0 0 0 0 0 0 0 0 0 0 0 0 0
0 0 0 0 0 0 0 0 0 0 0 0 0 0 0 0 0 0 0 0 0 0 0 0 0 0 0 0 0 0 0 0 0 0 0 0 0 0 0 0 0 0 0 0 0 0 0 0 0 0
0 0 0 0 0 0 0 0 0 0 0 0 0 0 0 0 0 0 0 0 0 0 0 0 0 0 0 0 0 0 0 0 0 0 0 0 0 0 0 0 0 0 0 0 0 0 0 0 0 0
0 0 0 0 0 0 0 0 0 0 0 0 0 0 0 0 0 0 0 0 0 0 0 0 0 0 0 0 0 0 0 0 0 0 0 0 0 0 0 0 0 0 0 0 0 0 0 0 0 0
0 0 0 0 0 0 0 0 0 0 0 0 0 0 0 0 0 0 0 0 0 0 0 0 0 0 0 0 0 0 0 0 0 0 0 0 0 0 0 0 0 0 0 0 0 0 0 0 0 0
0 0 0 0 0 0 0 0 0 0 0 0 0 0 0 0 0 0 0 0 0 0 0 0 0 0 0 0 0 0 0 0 0 0 0 0 0 0 0 0 0 0 0 0 0 0 0 0 0 0
0 0 0 0 0 0 0 0 0 0 0 0 0 0 0 0 0 0 0 0 0 0 0 0 0 0 0 0 0 0 0 0 0 0 0 0 0 0 0 0 0 0 0 0 0 0 0 0 0 0
0 0 0 0 0 0 0 0 0 0 0 0 0 0 0 0 0 0 0 0 0 0 0 0 0 0 0 0 0 0 0 0 0 0 0 0 0 0 0 0 0 0 0 0 0 0 0 0 0 0
0 0 0 0 0 0 0 0 0 0 0 0 0 0 0 0 0 0 0 0 0 0 0 0 0 0 0 0 0 0 0 0 0 0 0 0 0 0 0 0 0 0 0 0 0 0 0 0 0 0
0 0 0 0 0 0 0 0 0 0 0 0 0 0 0 0 0 0 0 0 0 0 0 0 0 0 0 0 0 0 0 0 0 0 0 0 0 0 0 0 0 0 0 0 0 0 0 0 0 0
0 0 0 0 0 0 0 0 0 0 0 0 0 0 0 0 0 0 0 0 0 0 0 0 0 0 0 0 0 0 0 0 0 0 0 0 0 0 0 0 0 0 0 0 0 0 0 0 0 0
0 0 0 0 0 0 0 0 0 0 0 0 0 0 0 0 0 0 0 0 0 0 0 0 0 0 0 0 0 0 0 0 0 0 0 0 0 0 0 0 0 0 0 0 0 0 0 0 0 0
>numMutationCategories:
1
>numSelectionCategories:
1
>categoryProbabilities:
1 
>selectionIsInMixture:
***
0 
>mutationIsInMixture:
***
0 
>currentSynthesisRateLevel:
***
0.00573277 0.0586117 0.01166 0.0990737 0.0130479 0.000166943 0.0242912 0.00903714 0.0172033 0.0193114
0.141167 0.00132742 0.0244072 0.0155392 0.0602502 0.104013 0.0409196 0.00074269 0.00507712 0.0573441
0.0388725 0.00394643 0.0142464 0.0719225 0.0132974 0.00415549 0.125639 0.0301517 0.00101882 0.025272
4.75808e-005 0.0226979 0.0119297 0.00726148 0.0393117 0.00237913 0.0858554 0.00274121 0.0858151 0.0325172
0.216683 0.0979551 0.021745 0.30139 0.0435614 0.288073 0.0136028 0.0705623 0.0298491 0.0271442
0.0161645 0.0342261 0.000685594 0.00892015 0.0368276 0.0553402 0.0437936 0.0891106 0.0158697 0.0138772
0.0393113 0.0382801 0.0718365 0.000748898 0.0141223 0.012254 0.0243014 0.0297579 0.00346575 0.0191343
0.176639 0.0465445 0.0650337 0.257517 0.0199086 0.0538162 0.00872819 0.3519 0.0146484 0.0200651
0.14273 0.0089546 0.0220959 0.0589021 0.071591 0.696259 0.0511015 0.0108219 0.0994659 0.0367341
0.00354026 0.239985 0.0150788 0.000229783 0.139252 0.0032643 0.0148368 0.0172179 0.00150569 0.00307614
0.138861 0.028799 0.0413375 0.0314799 0.0235056 0.0474007 5.95289e-005 0.0803638 0.181324 0.054261
0.00221044 0.460091 0.0387744 0.0227628 0.00796532 0.118801 0.0144656 0.0327949 0.0168275 0.0180891
0.033169 0.00864967 0.0581075 0.00646317 0.0863861 0.038145 0.0216575 0.0403422 0.00401206 0.00170528
0.0912945 0.0105054 0.139406 0.0313752 0.00292101 0.0468972 0.0249728 0.00618364 0.0245042 0.514376
0.0385431 0.0130983 0.104818 0.000607606 0.129744 0.21183 0.0232736 0.0658989 0.0398115 0.0101986
0.0200943 0.0209261 7.98487e-005 0.0444875 0.000132426 0.0720596 0.0267168 0.41112 0.0692769 0.106539
0.0207895 0.133354 0.0259544 0.206644 0.000976947 0.108494 0.064507 0.0301632 0.0240635 0.0642217
0.00788621 0.0240335 0.00393922 0.00974269 0.00599964 0.000370921 0.0106799 0.0977265 0.00579169 0.0223426
0.0401174 0.0585388 0.119713 0.0256073 0.0254661 0.0144038 0.0543627 0.256169 0.00490103 0.0237636
0.0100429 0.150847 0.125169 0.0170991 0.0849957 0.0233271 0.0225573 0.002415 0.0267112 0.00546592
0.745098 0.00952741 0.0121705 0.00424843 0.0113742 0.26581 0.0105247 0.0269949 0.0185497 0.0958522
0.0423614 0.00130382 0.0429316 0.0135015 0.0150604 0.0104291 0.00411947 0.108962 0.00190996 0.0299417
0.116818 0.0594962 0.0572677 0.0107266 0.021784 0.0326124 0.000444315 0.0234102 0.0618456 0.0419497
0.00724951 0.00461858 0.0632356 0.0629002 0.00745016 0.00829574 1.2902e-005 0.0464132 0.0470929 0.0249624
0.11968 0.0142973 0.0109357 0.0221486 0.0445887 0.0567564 0.110319 0.0350941 0.00534457 0.0163983
0.000535534 0.462382 0.281896 0.0139264 0.0198972 0.0202258 0.00460312 0.187483 0.0431745 0.0412588
0.0935313 0.692138 0.0018302 0.100544 0.0282154 0.00615428 0.226097 0.00086792 0.104497 0.0378714
0.188418 0.0376449 0.0433039 0.00864502 0.0332655 0.0626189 0.0573536 0.0363197 0.0469946 0.00457363
0.0242362 0.00491493 0.0532154 0.0230701 0.0528175 0.0177049 0.0781076 0.0340456 0.0504594 0.0141446
0.00946078 0.0361214 0.0400591 0.0773457 0.0128463 0.00431209 0.327664 0.229048 0.063361 0.115487
0.371408 0.166877 0.0548922 0.0673339 0.0147486 0.0960149 0.0187145 0.0472419 0.013097 0.0385229
0.0472786 0.0032485 0.0591398 0.00627253 0.012546 0.030659 0.0970677 0.221481 0.0102571 0.120943
0.185885 0.00833109 0.00591611 0.00780051 0.209435 0.0816155 0.0177472 0.0180751 0.0582558 0.031257
0.0131741 0.212896 0.0456619 0.04632 0.00563722 0.0176507 0.00648932 0.00086795 0.0339013 0.000554448
0.000331159 0.00763737 0.0728385 0.0111565 0.00996639 0.013736 0.000543431 0.106839 0.0533923 0.0289133
0.0284536 0.0112796 0.00660943 0.0457884 0.176676 0.0217856 0.00922616 0.0201517 0.0327968 0.0268762
0.0588788 0.0178358 0.122127 0.023214 0.0383961 0.226053 0.161515 0.197896 0.0446027 0.0127063
0.0821793 0.141625 0.000527994 0.0259719 0.00997404 0.114744 0.12833 0.441175 0.0763695 0.00939257
0.0188501 0.0217461 0.0204204 0.0265179 0.0608752 0.0811298 0.0327177 0.00353724 0.126868 0.0650589
0.014024 0.021376 0.0571398 0.0502163 0.00918833 0.0617663 0.0127078 0.353121 0.0475468 0.0281193
0.0114969 0.0483879 0.112539 0.110367 0.00612744 0.0557578 0.010345 0.00500588 0.0013522 0.0564649
0.00373952 0.0359035 0.0588027 0.0474922 0.0443286 0.0412504 0.00422943 0.0484735 0.00374601 0.00335681
0.00541166 0.00651311 0.0918164 0.00489875 0.103591 0.0142464 0.0135497 0.0158872 0.00348196 0.226531
0.0369952 0.107481 0.00651634 0.234932 0.0092581 0.00193641 0.0182466 0.0761164 0.0214894 0.0356359
0.0273435 0.0260903 0.0141719 0.0155649 0.0695965 0.00870194 0.0178411 0.163592 0.0195786 0.00949556
0.210289 0.0496623 0.0992382 0.205219 0.00627216 0.0252312 0.0198053 0.0379232 0.000142609 0.000647263
0.0257935 0.165835 0.015505 0.0113381 0.0167169 0.0174974 0.0052775 0.00799782 0.00750956 0.0162849
0.0154359 0.011368 0.0273295 0.0596319 0.0194683 0.00267004 0.0162792 0.00791757 0.00636014 0.015378
0.0263402 0.00801761 0.0621338 0.0242638 0.166571 0.133023 0.0577517 0.0319173 0.0277343 0.0986396
0.00288964 0.0199386 0.0708043 0.0417141 0.0593086 0.0148476 0.0979476 0.0998326 0.0254045 0.0363926
0.00179727 0.00900015 0.117176 0.0403713 0.0490373 0.118646 0.010303 0.0565544 0.0785869 0.0767154
0.0951456 0.0136279 0.0175703 0.0688042 0.0684895 0.0297922 0.0289687 0.0979692 0.0134245 0.0272349
0.0389676 0.0412219 0.085626 0.0327404 0.0948231 0.00756244 0.136847 0.0194529 0.102057 0.0902368
0.00151811 0.0396161 0.0216385 0.0121075 0.0736013 0.0662408 0.0319039 0.0735801 0.0162942 0.0536113
0.534172 0.0736838 0.449091 0.0211535 0.0374414 0.0400666 0.0112601 0.134346 0.0109204 0.0208581
0.00764294 0.113922 0.00763767 0.0127336 0.0324046 0.139919 0.0197341 0.0527693 0.0393752 0.0170689
0.0239219 0.146193 0.0111329 0.109113 0.0167384 0.0185143 0.0113826 0.0015226 0.0100272 0.0662603
0.0845657 0.0287057 0.0436823 0.0642965 0.0234013 0.192746 0.00487167 0.00617169 0.00863704 0.00262826
0.00582418 0.00422222 0.0022134 0.0926636 0.211616 0.0629075 0.0493034 0.104563 0.0628238 0.037408
0.109802 0.0214193 0.0586888 0.041778 0.0151049 0.165903 0.0777357 0.0103792 0.0246982 0.251206
0.00029415 0.0114094 0.00885355 0.000380777 0.0617495 0.0124338 0.143753 0.00108006 0.0319497 0.019056
0.415344 0.0180927 8.25846e-005 0.0132535 0.0483652 0.015667 0.00271611 0.100349 0.00717144 0.00548051
0.00389897 0.0136754 0.0038264 0.139861 0.0334877 0.0059079 0.14516 0.00214583 0.0246515 0.0483302
0.023342 0.100076 0.0146279 0.191962 0.00693002 0.000170275 0.15477 0.00688294 0.429742 0.0446829
0.00903193 0.0573792 0.0304609 0.190802 0.225028 0.0170049 1.44056 0.0943994 1.40327e-005 0.0119375
0.0250914 0.0184767 0.00845872 0.00210993 0.00681905 0.0123334 0.00957954 0.0498033 0.167985 0.012936
0.010987 0.250296 0.0382554 0.0137662 0.00334545 0.0492739 0.0191707 0.21162 0.00999932 0.00438185
0.0876571 0.0298769 0.0300911 0.0335519 0.0504304 0.0182941 0.0117874 0.0769793 0.145537 0.00058733
0.101998 0.17442 0.121829 0.0129917 0.0381734 0.30368 0.00116786 0.0154531 0.0402299 0.00511269
0.00566872 0.0252424 0.0880926 0.00454244 0.0140284 0.0202973 0.0125493 0.000393704 0.0240476 0.0648374
0.01677 0.0203771 0.110051 0.0092793 0.00909485 0.0626058 0.0238738 0.0372166 0.00138952 0.0417438
0.0245825 0.110446 0.067561 0.00192215 0.0186595 0.00453595 0.0895211 0.237877 0.0232908 0.0304045
0.00776702 0.00702199 0.0590866 0.0673552 0.00760816 0.107771 0.101049 0.00681858 0.00687463 0.00198592
0.0656578 0.00782475 0.1742 0.0242783 0.0882681 0.179999 0.10867 0.283144 0.0150897 0.113151
0.0766229 0.0187763 0.00423209 0.0290357 0.0520682 0.109124 0.00713373 0.00801369 0.00999945 0.252869
0.00597217 0.00588729 0.0122213 0.0937733 0.0032854 0.0240632 0.0283661 0.0159082 0.0139635 0.0613594
0.0777708 0.0117311 0.000445451 0.00800635 0.0201002 0.0311128 0.105707 1.68161e-005 0.00300806 0.146395
0.0576774 0.100515 0.441348 0.0835199 0.0399078 0.184582 0.00799362 0.0475898 0.0595104 0.034563
0.0345288 0.0187118 0.0179447 0.0208975 0.0916266 0.0493377 0.024009 0.0303925 0.0365315 0.0751835
0.0259871 0.183309 0.00345553 0.0413387 0.0271075 0.188103 0.116649 0.0846572 0.00461241 0.0970632
0.00919488 0.0727852 0.0211242 0.0068227 0.088787 0.0400502 0.0430687 0.073795 0.00699991 0.00553656
0.021465 0.0480225 0.0348155 0.00274675 0.00886733 0.00240265 0.0959069 0.382795 0.106928 0.00873114
0.0579141 0.103284 0.0192505 0.278408 0.613598 0.0291246 0.038428 0.0298593 0.108961 0.145216
0.0409933 0.00870733 0.0775589 0.0049399 0.0015282 0.0529205 0.0308178 0.0228444 0.180233 0.0030896
0.0482898 0.00559123 0.0472406 0.0151806 0.00867263 0.181927 0.0353363 0.0195439 0.0099913 0.0143947
0.0136998 0.139886 0.0182619 0.000216922 0.0434747 0.00290106 0.0781632 0.00578363 0.0233568 0.0137263
0.0294074 0.0533384 0.00421806 0.0717814 0.0302834 0.0895882 0.00134747 0.151252 0.000528254 0.0386993
0.00176761 0.00577557 0.0649543 0.200226 0.0766938 0.0394575 0.017185 0.0188522 0.00556403 0.0180619
0.0393722 0.128137 0.0350121 0.0616744 0.0872094 0.0254177 0.00309419 0.171727 0.0575491 0.0128612
0.275106 0.0297443 0.033929 0.0701673 0.0204588 0.0107678 0.0573214 0.0100236 0.0200426 0.0211356
0.0161551 0.140142 0.0105823 0.00340809 0.121786 0.0204269 0.0580632 0.0630306 0.000551224 0.0560513
0.00652909 0.0918815 0.0448037 0.0456148 0.00687566 0.0160497 0.112925 0.045278 0.0144579 0.0110674
0.00130761 0.164218 0.078773 0.195794 0.0425415 0.0301333 0.037263 0.0514351 0.0534158 0.00277718
0.00152416 0.0435487 0.0154452 0.00475922 0.0140125 0.0679821 0.0786726 0.0295394 0.310531 0.0679064
0.0349166 0.037377 0.124732 0.0070676 0.0261806 0.0985603 0.137687 0.0156738 0.0183356 0.0162871
0.0297845 0.0282339 0.0692471 0.00884821 0.0210545 0.0125165 0.428088 0.0683223 0.0905308 0.0604126
0.0209602 0.00180154 0.326422 0.0230137 0.021506 0.0160546 0.00555097 0.00733248 0.0496946 0.0172156
0.0249499 0.000117534 0.148743 0.0112998 0.113621 0.0352867 0.0175573 0.01304 0.0172692 0.00581443
0.0885796 0.0372611 0.146794 0.0302775 0.0374576 0.183307 0.0368024 0.0463314 0.158377 0.038567
0.125136 0.0594403 0.0131886 0.00144272 0.023494 0.059169 0.447255 0.0266346 0.17542 0.0111206
0.004212 0.0279943 0.0326822 0.0440369 0.0192121 0.0304232 0.0950158 0.177915 0.071043 0.0335629
0.00290645 0.0063856 0.0376431 0.143457 0.0325923 0.0168417 0.0456498 0.0675346 0.0400571 0.00790797
0.155458 0.029988 0.121326 0.0520937 0.0675982 0.16914 0.0292692 0.0859357 0.0311381 0.121373
0.0450678 0.0147363 0.0581025 0.0865462 0.0242263 0.00915733 0.0424101 0.00519801 0.000158742 0.0319432
0.00262748 0.0187486 0.0704078 0.177173 0.00210698 0.00850172 0.00414388 0.0210734 0.0156202 0.0242021
0.0158489 0.0123657 0.0622975 0.000143759 0.0256104 0.105641 0.101731 0.00853953 0.00848448 0.0244867
0.0033433 0.0529208 0.000394335 0.00177595 0.0212424 0.00591812 0.00120736 0.0429683 0.00713013 0.0165255
0.0425871 0.00282841 0.0105034 0.00753594 0.00118432 0.0247663 0.000130328 0.0133721 0.0226712 0.0265498
0.0392862 0.0548374 0.0144515 0.0139072 0.0243329 0.000370295 0.000718301 0.0180589 0.0304177 0.0206479
0.00573879 0.000222252 0.018345 0.037954 0.0387863 0.00496951 0.00862641 0.00535648 0.169575 0.0666271
0.000895131 0.062883 0.0199401 0.0831869 0.0366164 0.0113061 0.0393446 0.048376 0.0188813 0.0133018
0.013934 0.00501049 0.153368 0.0703496 0.016838 0.13027 0.014317 0.00436934 0.0165863 0.0476236
0.05797 0.0569447 0.00243748 0.411833 0.00840564 0.0677753 0.0286269 0.0322184 0.0830916 0.0593501
0.0163532 0.000323038 0.265354 0.0207339 0.0142649 0.0184963 0.0220237 0.0395616 0.105663 0.0902733
0.0151306 0.060121 0.0178903 0.0698889 0.0119261 0.0357909 0.0491201 0.0584007 0.00545138 0.0225487
0.0126052 0.0860511 0.0258778 0.124701 0.0329105 0.000131807 0.0475142 0.0962846 0.063785 0.0108555
0.244814 0.0110851 0.000702697 0.0230263 0.0118222 0.00746217 0.020265 0.0578044 0.0270206 0.0387201
0.000442146 0.000572856 0.0165685 7.27477e-005 0.00391166 0.000606405 0.0117879 0.0291878 0.0347227 0.0567423
0.05761 0.095211 0.0109555 0.0286175 0.000712862 0.0962222 0.0296632 0.0344291 0.0322063 0.000231766
0.0750482 0.0622494 0.00908831 0.0379386 0.0102733 0.140696 0.0408731 0.00874045 0.103487 0.116318
0.00947206 0.0242479 0.0122938 0.370009 0.0420763 0.0698939 0.0965305 0.00104923 0.0216636 0.0213444
0.00506346 0.0219818 0.106557 0.0887975 0.305374 0.00237404 0.0410183 0.0322061 0.020672 0.0156768
0.00116829 0.24591 0.188162 0.047885 0.0771859 0.162874 0.15194 0.0215438 0.0176065 0.015453
0.0227724 0.116131 0.0071829 0.0800695 0.0197537 0.0182321 0.108079 0.0341611 0.0109135 0.042867
0.00649924 0.00180069 0.0660147 0.00336829 0.0153745 0.00607779 0.0239459 0.00473689 0.0549943 0.00437912
0.0107487 0.253059 0.0383376 0.0126923 0.0767889 0.00439395 0.00567418 0.0156643 0.105781 0.0836465
0.0204253 0.174198 0.0075162 0.00551321 0.00543022 0.0284331 0.036042 0.00583035 0.0463066 0.00133766
0.0538442 0.0171224 0.03875 0.142453 0.00463023 0.00240423 0.0147289 0.0839383 0.00772953 0.0281101
0.0547513 0.0353302 0.197235 0.0960897 0.00285854 0.006137 0.030721 0.0775893 0.00355136 0.0359734
0.019911 0.0182161 0.0227978 0.010108 0.0654886 0.0447555 0.0409646 0.15048 0.0700887 0.075658
0.0463589 0.000307316 0.0230238 0.0520833 0.00147906 0.132119 0.0049075 0.0493325 0.0172083 0.0684635
0.0209473 0.0277288 0.0136033 0.0338927 0.0278649 0.000699768 0.105202 0.00971266 0.0770167 0.0708065
0.00185419 0.00161332 0.083823 0.0457023 0.170313 0.0813257 0.0046819 0.0135507 0.0103696 0.0923641
0.00761291 0.0257546 0.0153374 0.00917475 0.0546541 0.00802151 0.0270416 0.0699528 0.0461002 0.0709986
0.064638 0.0183363 0.139099 0.094716 0.0923942 0.0158991 0.185652 0.084003 0.063488 0.00328681
0.0715614 0.0308865 0.21058 0.0772004 0.136278 0.0452856 0.0311223 0.100178 0.0144054 0.0499045
0.161918 0.119319 0.049069 0.0066308 0.0108727 0.00506617 0.0232235 0.0425893 0.023478 0.00996755
0.00187689 0.00442542 0.0589033 0.00547878 0.0258225 0.0262524 0.0184694 0.0265895 0.0050919 0.0828433
0.247314 0.0440591 0.0279118 0.00224862 0.0220098 0.0443274 0.016705 0.0168918 0.0136025 0.0345208
0.0209382 0.0130582 0.0712586 0.0432269 0.0061267 0.000893002 0.0472875 0.0235842 0.00317222 0.0978304
0.000636221 0.00366135 0.0188652 0.0249363 0.0162134 0.00209792 0.0188875 0.00872413 0.0180459 0.00751804
0.459488 0.0406204 0.0197744 0.000752331 0.292794 0.00569067 0.0183222 0.0270487 0.0107002 0.0160063
0.0684646 0.188425 0.00744079 0.006902 0.0333285 0.0366047 0.0892748 0.00289781 0.000987789 0.0441233
0.00403192 0.0203244 0.00156651 0.0130496 0.0313576 0.0420914 0.0186143 0.0471538 0.0107609 0.0193016
0.0525222 0.021126 0.00219898 0.0183766 0.00536862 0.0654938 0.0110541 0.0287282 0.0058979 0.0134106
0.0610951 0.0142371 0.119237 0.0150971 0.0100085 0.213924 0.000625721 0.0107541 0.0308434 0.0239804
0.00445496 0.0814448 0.244588 0.0231397 0.00568891 0.0448758 0.0923711 0.0451208 0.00147497 0.0119653
0.0776915 0.0367562 0.0118804 0.0042695 0.0126311 0.00854026 0.00799671 0.0772561 0.0519292 0.0221291
0.00188439 0.0455829 0.0736477 0.18618 0.0176738 0.0181904 0.0552001 0.122745 0.0555077 0.0363236
6.31189e-006 0.0272655 0.0130875 0.144962 0.0129701 0.0807416 0.0143876 0.00345571 0.0146925 0.0660825
0.000365281 0.0291975 0.0264479 0.0162642 0.0129519 0.00290081 0.0156298 0.0298913 0.00428303 0.0423135
0.0734303 0.0684038 0.0477378 0.00310126 0.0914588 0.00944749 0.133978 0.101002 0.00323519 0.0446535
0.00339629 0.068135 0.000485802 0.0425432 0.0518726 0.000851252 0.00833501 0.0285087 0.16891 0.00889679
0.0246192 0.0534436 0.0123944 0.00796092 0.000479099 0.104665 0.0299861 0.285809 0.046507 0.0202722
0.00258635 0.0554436 0.000245033 0.130328 0.499038 0.0293419 0.0681731 0.236324 0.0770648 0.0191165
0.100734 0.0133127 0.0500412 0.0223358 0.0850143 0.00403343 0.0456947 0.257234 0.0763591 0.0940687
0.0200045 0.019368 0.00197148 0.0181194 0.0481547 0.0197428 0.0439497 0.0255219 0.0122034 0.0863373
0.014482 0.0401767 0.0357971 0.000285132 0.0329159 0.0068454 0.0572087 0.085793 0.00503564 0.0722833
0.0235462 0.153408 0.13638 0.275998 0.0887589 0.00691028 0.00363439 0.0881547 0.0187436 0.0508177
0.00737207 0.0338361 0.00156378 0.0228772 0.21265 0.0196771 0.248152 0.0113098 0.22293 0.00357059
0.099597 0.081343 0.000740713 0.0215048 0.0377423 0.0529784 0.0382029 0.0551965 0.000387009 0.0103697
0.00034506 0.000788567 0.0021866 0.0129658 0.199749 0.0824607 0.0857209 0.0138913 0.00557414 0.293916
0.0839492 0.302609 0.00919626 0.0686808 0.00841248 1.44282 0.130169 0.00489143 0.0496754 0.0254245
0.153746 0.0425895 0.0193269 0.0384476 0.0883486 0.0167923 0.052587 0.0132646 0.00134163 0.0303155
0.0011341 0.0137365 0.0400656 0.166213 0.20873 0.0250125 0.0103272 0.0731637 0.0666541 0.0496596
0.0317564 0.0144554 0.000627974 0.0636121 0.101885 0.00685754 0.00327682 0.0622553 0.0158603 0.0226913
0.0509599 0.0226388 0.0114267 0.00760712 0.000866301 0.0731809 0.0139131 0.0439693 0.173503 0.0553611
0.000693441 0.0296318 0.122444 0.00225771 0.0127525 0.0947303 0.0247859 0.0244352 0.01715 0.0226353
0.0413754 0.0336937 0.122024 0.0254132 0.0615029 0.176423 0.0992922 0.00585759 0.0370144 0.0189691
0.0872632 0.0377859 0.109758 0.0487196 0.0196908 0.0249565 0.0079636 0.0148159 0.0651004 0.112866
0.170149 0.21911 0.0517876 0.00308571 0.151873 0.102333 0.0343372 0.030668 0.0238912 0.126828
0.773103 0.0473728 0.122013 0.0896343 0.0185801 0.012068 0.0352487 0.137218 0.144928 0.0558846
0.0242002 0.00678349 0.18513 0.0355991 0.0879681 0.0442661 0.209399 0.0267546 0.00466463 0.0945568
0.201997 3.14758e-005 0.0560846 0.0678573 0.206454 0.0147857 0.0139256 0.011239 0.0464155 0.070039
0.153649 0.0104817 0.122435 0.011913 0.0116902 0.0304911 0.018635 0.0045837 0.0484637 0.0724867
0.198865 0.0762042 0.0084579 0.0334365 0.0735611 0.0145711 0.20346 0.00447061 0.0302633 0.339216
0.0101256 0.0725757 0.0435198 0.0886223 0.0196645 0.00397094 0.0801891 0.0191234 0.00634883 0.418914
0.000285872 0.100561 0.00540009 0.0200453 0.0213915 0.0375783 0.00142338 0.309593 0.110264 0.0235733
0.57596 0.697364 0.00109076 0.0328039 0.0183133 0.0163998 0.000658666 0.00793387 0.0179777 0.0080568
0.0196427 0.00107545 0.00306275 0.176519 0.00651434 0.100198 0.00751934 0.0192574 0.000956021 0.0147306
0.23153 0.00371339 0.0390571 0.00338473 0.00278821 0.000631078 0.112609 0.0164215 0.21794 0.00394869
0.0010578 0.0554183 0.042955 0.0100205 0.0105097 0.00155085 0.089885 0.00533935 0.039913 0.104952
0.0347825 0.0159521 0.0309906 0.020405 0.22208 0.00696541 0.0357541 0.0153716 0.146409 0.0773765
0.0719378 0.00915574 0.0088876 0.0848307 0.143899 0.17571 0.000623013 0.00240304 0.0103927 0.000965185
0.0337431 0.0787362 0.0380516 0.0321194 0.00679548 0.0373873 0.000151341 0.0167987 0.00688996 0.0063473
0.0125154 0.105597 0.370791 0.0193018 0.00351838 0.0310852 0.179243 0.0369852 0.00550154 0.189396
0.0142095 0.0178303 0.015709 0.0347139 0.0178109 0.163351 0.0274806 0.00724617 0.0312186 1.22853
0.0030146 0.0906707 0.0200378 0.48423 0.00398366 0.00737089 0.0396549 0.000723595 0.0254511 0.22427
0.132324 0.094424 0.00915233 0.0186389 0.0284343 0.0124199 0.144149 0.00539827 0.000907492 0.0225019
0.00605015 0.0481523 0.0167428 0.0247037 0.0243315 0.00218256 0.162138 0.0183563 0.0592366 0.039806
0.04096 0.137277 0.0604515 0.0126425 0.0249937 0.10168 0.0559591 0.0135838 0.540764 0.0238647
0.0228628 0.0921859 0.0281928 0.0412343 0.0326239 0.0518603 0.0101414 0.0403908 0.0212116 0.034994
0.0197024 0.468924 0.248181 0.0821644 0.0120825 0.0543552 0.0189745 0.0204439 0.00281737 0.00126601
0.0293916 0.0959174 0.0544394 0.0709558 0.00543958 0.0335054 0.088834 0.00300299 0.249892 0.106717
0.0485979 0.151058 0.000601799 0.0054091 0.00277292 0.353313 0.00239366 0.117873 0.211116 0.147826
0.0512583 0.0313275 0.0599431 0.00598666 0.0477756 0.0373003 0.00891589 0.0318571 0.161552 0.00495212
0.0413424 0.087963 0.00365688 0.0137713 0.00635948 0.0167942 0.00256036 0.0056763 0.0266843 0.0126721
0.201696 0.00369805 0.00977522 0.144366 0.0145425 0.0176061 0.000289476 0.0102718 0.012718 0.0167185
0.0901302 0.0177536 0.0494188 0.0249252 0.0371188 0.0329051 0.00181432 0.0669112 0.000171776 0.0079309
0.0209401 0.0273666 0.000135894 0.003174 0.032748 0.0101343 0.0134873 0.0846139 0.00375706 0.366446
>mutation_prior_sd:
0.35
>std_csp:
5.79119e-011 5.79119e-011 5.79119e-011 0.159213 0.062605 0.0444333 0.0170953 3.38674e-010 3.38674e-010 3.38674e-010
0.0435956 1.06367e-006 1.06367e-006 0.0400672 9.64882e-015 9.64882e-015 9.64882e-015 9.64882e-015 9.64882e-015 0.0314494
4.26973e-011 4.26973e-011 4.26973e-011 0.165846 1.17101e-015 1.17101e-015 1.17101e-015 1.17101e-015 1.17101e-015 2.3519e-010
2.3519e-010 2.3519e-010 3.82797e-010 3.82797e-010 3.82797e-010 4.86738e-012 4.86738e-012 4.86738e-012 0.0272998 0.21949
>currentMutationParameter:
***
0.149147 0.382644 0.571133 0.448145 1.09969 -0.526742 0.717551 0.366733 0.617212 0.8421
0.973901 0.364405 0.656992 -0.396584 0.789588 1.32271 0.942586 0.790166 -0.229425 0.687867
-0.204023 0.408914 0.441306 -0.485817 -0.746534 -0.247813 0.0413546 0.191567 -0.0190278 0.0835027
0.458497 0.628258 0.0138306 0.418424 0.522667 0.496253 0.799562 0.699087 0.460449 0.463704
>currentSelectionParameter:
***
-0.00145521 -5.84168e-007 -0.00140754 7.48821e-005 -3.36274e-005 0.00476109 4.91636e-007 -0.00331982 -0.000229715 -0.0052758
3.95796e-005 -0.00486369 0.000106333 -0.00154189 -0.00155127 -0.0126781 -0.00154311 -0.0126547 -0.000718284 -1.01551e-007
0.0052175 -3.50293e-005 0.00511662 0.0119896 -0.000186213 -0.00282301 0.000876211 -0.00478805 -0.140002 -0.00155349
-0.00014299 -0.0124238 -0.00214332 -0.000426235 -0.0125088 -0.00531353 -0.000183473 -0.00599342 6.11793e-005 9.58051e-005
>covarianceMatrix:
A
0.000117905	7.04344e-005	5.84141e-005	-3.08459e-007	-1.68792e-007	-4.20496e-008	
7.04344e-005	0.000147099	6.86852e-005	-3.34479e-007	-4.11619e-007	-1.02577e-007	
5.84141e-005	6.86852e-005	0.000127932	1.18036e-008	2.37614e-008	6.31529e-008	
-3.08459e-007	-3.34479e-007	1.18036e-008	4.47555e-009	2.98859e-009	2.53926e-009	
-1.68792e-007	-4.11619e-007	2.37614e-008	2.98859e-009	9.2056e-009	1.43538e-009	
-4.20496e-008	-1.02577e-007	6.31529e-008	2.53926e-009	1.43538e-009	2.82503e-009	
***
>covarianceMatrix:
C
0.00139129	-3.59796e-006	
-3.59796e-006	6.14147e-008	
***
>covarianceMatrix:
D
0.00052902	-1.23689e-006	
-1.23689e-006	1.62665e-008	
***
>covarianceMatrix:
E
0.000305029	-1.46827e-006	
-1.46827e-006	4.04714e-008	
***
>covarianceMatrix:
F
0.000327839	-1.00112e-006	
-1.00112e-006	1.41503e-008	
***
>covarianceMatrix:
G
0.000149148	9.40056e-005	5.06222e-005	-5.07479e-007	-3.82758e-007	-1.64175e-007	
9.40056e-005	0.000247724	6.71766e-005	-1.74684e-007	-1.03775e-006	-1.93765e-008	
5.06222e-005	6.71766e-005	0.000174436	-5.60247e-008	1.17828e-007	-1.50962e-007	
-5.07479e-007	-1.74684e-007	-5.60247e-008	1.12659e-008	4.70027e-009	5.44731e-009	
-3.82758e-007	-1.03775e-006	1.17828e-007	4.70027e-009	2.48804e-008	2.16796e-009	
-1.64175e-007	-1.93765e-008	-1.50962e-007	5.44731e-009	2.16796e-009	6.11294e-009	
***
>covarianceMatrix:
H
0.00123866	-2.53862e-006	
-2.53862e-006	5.08376e-008	
***
>covarianceMatrix:
I
0.000149719	3.62782e-005	-7.96632e-007	-1.38316e-007	
3.62782e-005	0.000176908	-2.25409e-007	-1.41687e-006	
-7.96632e-007	-2.25409e-007	1.46149e-008	8.28681e-009	
-1.38316e-007	-1.41687e-006	8.28681e-009	3.16606e-008	
***
>covarianceMatrix:
K
0.000344651	-1.06732e-006	
-1.06732e-006	2.07693e-008	
***
>covarianceMatrix:
L
0.000147889	5.45809e-005	4.14302e-005	1.91788e-005	9.81297e-006	-3.58902e-007	6.45254e-007	-1.03018e-007	7.12126e-007	2.82311e-007	
5.45809e-005	0.000214677	5.7366e-005	6.67409e-005	4.58234e-005	4.12196e-007	-8.68283e-008	-3.47576e-007	1.39505e-007	7.79391e-008	
4.14302e-005	5.7366e-005	0.00017137	5.45613e-005	1.83468e-005	2.86875e-007	5.37348e-007	-4.19391e-007	6.5486e-007	2.85304e-007	
1.91788e-005	6.67409e-005	5.45613e-005	0.000144531	3.75457e-005	5.38249e-007	-1.98113e-007	1.65234e-007	-1.75048e-007	-7.74683e-008	
9.81297e-006	4.58234e-005	1.83468e-005	3.75457e-005	4.83941e-005	6.62575e-007	2.48434e-008	1.91629e-007	5.59917e-008	8.98304e-009	
-3.58902e-007	4.12196e-007	2.86875e-007	5.38249e-007	6.62575e-007	3.2403e-008	1.83106e-009	2.81217e-009	3.74667e-010	1.05812e-010	
6.45254e-007	-8.68283e-008	5.37348e-007	-1.98113e-007	2.48434e-008	1.83106e-009	1.66419e-008	-9.34968e-010	1.47014e-008	5.99698e-009	
-1.03018e-007	-3.47576e-007	-4.19391e-007	1.65234e-007	1.91629e-007	2.81217e-009	-9.34968e-010	2.53009e-008	-2.90437e-009	-1.08517e-009	
7.12126e-007	1.39505e-007	6.5486e-007	-1.75048e-007	5.59917e-008	3.74667e-010	1.47014e-008	-2.90437e-009	1.48603e-008	6.11145e-009	
2.82311e-007	7.79391e-008	2.85304e-007	-7.74683e-008	8.98304e-009	1.05812e-010	5.99698e-009	-1.08517e-009	6.11145e-009	3.06949e-009	
***
>covarianceMatrix:
N
0.000327792	-7.47439e-007	
-7.47439e-007	1.32958e-008	
***
>covarianceMatrix:
P
0.00024366	0.000141587	8.87268e-005	-1.63395e-006	-1.51434e-007	8.2907e-009	
0.000141587	0.000196246	7.07204e-005	-1.1404e-006	-3.19005e-007	2.7063e-008	
8.87268e-005	7.07204e-005	0.000121866	-7.05653e-007	-7.80403e-008	-1.21571e-008	
-1.63395e-006	-1.1404e-006	-7.05653e-007	3.18878e-008	2.36499e-009	2.89554e-009	
-1.51434e-007	-3.19005e-007	-7.80403e-008	2.36499e-009	2.93918e-009	2.26865e-009	
8.2907e-009	2.7063e-008	-1.21571e-008	2.89554e-009	2.26865e-009	2.08113e-008	
***
>covarianceMatrix:
Q
0.000749556	-8.28368e-006	
-8.28368e-006	2.76994e-007	
***
>covarianceMatrix:
R
0.000362961	1.20885e-005	1.0559e-005	9.5133e-006	-2.68871e-005	-2.93402e-005	6.93806e-007	-5.52256e-007	-4.17278e-006	5.08331e-006	
1.20885e-005	0.000459125	3.05887e-005	3.47806e-005	-4.83101e-005	2.0236e-005	-6.42615e-006	1.58088e-005	8.99318e-006	6.6884e-006	
1.0559e-005	3.05887e-005	0.000459229	-3.65845e-005	0.000144072	2.01644e-005	1.66162e-005	-1.78354e-005	8.47182e-006	3.20074e-006	
9.5133e-006	3.47806e-005	-3.65845e-005	0.000188272	-4.91778e-005	6.24828e-006	1.16728e-005	-2.56836e-006	-4.07079e-006	4.01932e-006	
-2.68871e-005	-4.83101e-005	0.000144072	-4.91778e-005	0.000184204	9.95328e-006	8.38453e-006	-7.69316e-006	6.24715e-006	-2.51625e-006	
-2.93402e-005	2.0236e-005	2.01644e-005	6.24828e-006	9.95328e-006	6.72292e-006	1.69847e-006	-1.2595e-007	2.06233e-006	3.12205e-007	
6.93806e-007	-6.42615e-006	1.66162e-005	1.16728e-005	8.38453e-006	1.69847e-006	3.74088e-006	-2.21477e-006	2.54275e-007	5.47624e-007	
-5.52256e-007	1.58088e-005	-1.78354e-005	-2.56836e-006	-7.69316e-006	-1.2595e-007	-2.21477e-006	3.68943e-006	7.68341e-007	2.21517e-007	
-4.17278e-006	8.99318e-006	8.47182e-006	-4.07079e-006	6.24715e-006	2.06233e-006	2.54275e-007	7.68341e-007	2.65249e-006	5.52203e-007	
5.08331e-006	6.6884e-006	3.20074e-006	4.01932e-006	-2.51625e-006	3.12205e-007	5.47624e-007	2.21517e-007	5.52203e-007	8.65719e-007	
***
>covarianceMatrix:
S
0.000171996	9.91123e-005	2.6294e-005	-7.65562e-007	-7.98924e-007	2.98871e-007	
9.91123e-005	0.00022016	2.58609e-005	-6.88833e-007	-2.49136e-006	-3.71508e-008	
2.6294e-005	2.58609e-005	9.82012e-005	3.50882e-008	3.30898e-007	-3.99849e-007	
-7.65562e-007	-6.88833e-007	3.50882e-008	2.28797e-008	1.81885e-008	7.1554e-009	
-7.98924e-007	-2.49136e-006	3.30898e-007	1.81885e-008	6.35639e-008	5.27963e-009	
2.98871e-007	-3.71508e-008	-3.99849e-007	7.1554e-009	5.27963e-009	1.47917e-008	
***
>covarianceMatrix:
T
0.000137021	9.66681e-005	8.68537e-005	-1.74874e-006	-1.19448e-006	-7.19847e-007	
9.66681e-005	0.000279276	0.000125331	-3.96303e-007	-3.36429e-006	-1.00779e-006	
8.68537e-005	0.000125331	0.000258994	-7.97086e-007	-1.77017e-006	-1.54076e-006	
-1.74874e-006	-3.96303e-007	-7.97086e-007	5.33947e-008	1.45298e-008	1.94596e-008	
-1.19448e-006	-3.36429e-006	-1.77017e-006	1.45298e-008	6.34766e-008	1.84266e-008	
-7.19847e-007	-1.00779e-006	-1.54076e-006	1.94596e-008	1.84266e-008	2.55685e-008	
***
>covarianceMatrix:
V
7.90618e-005	2.65717e-005	3.11822e-005	-1.59063e-007	-5.38319e-010	-9.61705e-008	
2.65717e-005	0.000190762	4.59704e-005	1.03725e-007	-8.88711e-007	1.76121e-007	
3.11822e-005	4.59704e-005	0.000102526	2.59354e-008	-9.37004e-008	-1.16634e-007	
-1.59063e-007	1.03725e-007	2.59354e-008	2.92482e-009	-4.33265e-010	1.75374e-009	
-5.38319e-010	-8.88711e-007	-9.37004e-008	-4.33265e-010	1.84424e-008	-1.70409e-009	
-9.61705e-008	1.76121e-007	-1.16634e-007	1.75374e-009	-1.70409e-009	2.37942e-009	
***
>covarianceMatrix:
Y
0.000552261	-1.40021e-006	
-1.40021e-006	2.23732e-008	
***
>covarianceMatrix:
Z
0.000790832	-1.71515e-006	
-1.71515e-006	3.09608e-008	
***
